0.2766 
0.2765 
0.2766 
0.2098 
0.2694 
0.2785 
0.2708 
0.2348 
0.2747 
0.2775 
0.2475 
0.2645 
0.2784 
0.1059 
0.2673 
0.2761 
0.2104 
0.2765 
0.1623 
0.1819 
0.2780 
0.1666 
0.2319 
0.1671 
0.0721 
0.2755 
0.2772 
0.1426 
0.2733 
0.2639 
0.2029 
0.2244 
0.2751 
0.1666 
0.2390 
0.1064 
0.2433 
0.2671 
0.2590 
0.2734 
0.2743 
0.2766 
0.2767 
0.2764 
0.2122 
0.1953 
0.2762 
0.1620 
0.2655 
0.2594 
0.2716 
0.1621 
0.2293 
0.2337 
0.2674 
0.1657 
0.2644 
0.1611 
0.2165 
0.2688 
0.1707 
0.2753 
0.1662 
0.2755 
0.2771 
0.2617 
0.2724 
0.2746 
0.2761 
0.2500 
0.2771 
0.2751 
0.1953 
0.2559 
0.2215 
0.1534 
0.2778 
0.2753 
0.2185 
0.1144 
0.1501 
0.2769 
0.2725 
0.1289 
0.2776 
0.2019 
0.2769 
0.1227 
0.2350 
0.1393 
0.1383 
0.2256 
0.2700 
0.0875 
0.2153 
0.2796 
0.2751 
0.2782 
0.1054 
0.2779 
0.2767 
0.2782 
0.2180 
0.2787 
0.2702 
0.2750 
0.2637 
0.2735 
0.2784 
0.1695 
0.2794 
0.2707 
0.1178 
0.2758 
0.2776 
0.2773 
0.2564 
0.2788 
0.1630 
0.2606 
0.1475 
0.1843 
0.2020 
0.2070 
0.1142 
0.2778 
0.1509 
0.2716 
0.2405 
0.1539 
0.2593 
0.2495 
0.1922 
0.2785 
0.2218 
0.2460 
0.1679 
0.2687 
0.2811 
0.1697 
0.2681 
0.2685 
0.1867 
0.2368 
0.2385 
0.2683 
0.2750 
0.2735 
0.2619 
0.2279 
0.1686 
0.2779 
0.2724 
0.1290 
0.2726 
0.2244 
0.2773 
0.2769 
0.2688 
0.2769 
0.1924 
0.2080 
0.2754 
0.1268 
0.2103 
0.1716 
0.2132 
0.2367 
0.2651 
0.2544 
0.2487 
0.2487 
0.2124 
0.2531 
0.2416 
0.1604 
0.2197 
0.1638 
0.2274 
0.2122 
0.2796 
0.1863 
0.2055 
0.2671 
0.2478 
0.1914 
0.2796 
0.1405 
0.2757 
0.2772 
0.1571 
0.2567 
0.2481 
0.2493 
0.1234 
0.2768 
0.2710 
0.2778 
0.1865 
0.1836 
0.2765 
0.1877 
0.2436 
0.2800 
0.1628 
0.2750 
0.2494 
0.1598 
0.2079 
0.2775 
0.1512 
0.2757 
0.2446 
0.1023 
0.2767 
0.1759 
0.0873 
0.2738 
0.2194 
0.2006 
0.1256 
0.2630 
0.2793 
0.2745 
0.2769 
0.1163 
0.2721 
0.1252 
0.2792 
0.2770 
0.2189 
0.2773 
0.1862 
0.2788 
0.2722 
0.1683 
0.2718 
0.2274 
0.1373 
0.2121 
0.2567 
0.2769 
0.2790 
0.2763 
0.2775 
0.2051 
0.2325 
0.2494 
0.2157 
0.2700 
0.1631 
0.2822 
0.1167 
0.2562 
0.1575 
0.0870 
0.2441 
0.1669 
0.2772 
0.2196 
0.1123 
0.1057 
0.2672 
0.1412 
0.2127 
0.2346 
0.1001 
0.2789 
0.2795 
0.1542 
0.2602 
0.2616 
0.1852 
0.2792 
0.2735 
0.2608 
0.2724 
0.1920 
0.2741 
0.2759 
0.1266 
0.2700 
0.2585 
0.2731 
0.1110 
0.2618 
0.2714 
0.1935 
0.1571 
0.2391 
0.2098 
0.1736 
0.2792 
0.2385 
0.2617 
0.1707 
0.1686 
0.2764 
0.2584 
0.2153 
0.1258 
0.0876 
0.2707 
0.2786 
0.2378 
0.2789 
0.2783 
0.2759 
0.2459 
0.2422 
0.2748 
0.2651 
0.2724 
0.1099 
0.1924 
0.2585 
0.2322 
0.0985 
0.2735 
0.2424 
0.1107 
0.2007 
0.2687 
0.2109 
0.2211 
0.1612 
0.2108 
0.2762 
