0.0059 
0.0066 
0.0121 
0.0399 
0.0058 
0.0091 
0.0159 
0.0312 
0.0078 
0.0095 
0.0202 
0.0088 
0.0093 
0.1171 
0.0110 
0.0096 
0.0421 
0.0126 
0.0673 
0.0578 
0.0108 
0.0862 
0.0341 
0.0722 
0.1572 
0.0098 
0.0078 
0.1808 
0.0085 
0.0084 
0.0475 
0.0322 
0.0133 
0.0752 
0.0303 
0.1669 
0.0229 
0.0154 
0.0165 
0.0065 
0.0135 
0.0108 
0.0056 
0.0088 
0.0456 
0.0548 
0.0141 
0.0716 
0.0097 
0.0148 
0.0163 
0.0650 
0.0325 
0.0311 
0.0169 
0.0664 
0.0091 
0.0685 
0.0422 
0.0156 
0.0603 
0.0140 
0.0770 
0.0116 
0.0053 
0.0176 
0.0075 
0.0156 
0.0048 
0.0205 
0.0051 
0.0062 
0.0576 
0.0205 
0.0381 
0.1768 
0.0104 
0.0070 
0.0453 
0.1990 
0.0804 
0.0053 
0.0083 
0.0983 
0.0049 
0.0460 
0.0130 
0.1006 
0.0233 
0.1653 
0.0954 
0.0285 
0.0075 
0.1402 
0.0337 
0.0113 
0.0130 
0.0048 
0.1355 
0.0047 
0.0085 
0.0085 
0.0422 
0.0086 
0.0076 
0.0062 
0.0135 
0.0111 
0.0073 
0.0523 
0.0062 
0.0111 
0.1312 
0.0065 
0.0077 
0.0054 
0.0180 
0.0074 
0.2204 
0.0157 
0.1638 
0.0568 
0.0384 
0.0481 
0.1245 
0.0075 
0.0841 
0.0106 
0.0238 
0.0761 
0.0131 
0.0217 
0.0557 
0.0049 
0.0370 
0.0210 
0.0792 
0.0184 
0.0064 
0.0810 
0.0094 
0.0172 
0.0518 
0.0280 
0.0310 
0.0164 
0.0151 
0.0050 
0.0130 
0.0341 
0.0644 
0.0104 
0.0076 
0.0969 
0.0090 
0.0314 
0.0128 
0.0122 
0.0186 
0.0119 
0.0599 
0.0456 
0.0074 
0.0902 
0.0516 
0.0577 
0.0427 
0.0274 
0.0207 
0.0111 
0.0176 
0.0176 
0.0384 
0.0194 
0.0232 
0.0717 
0.0420 
0.0706 
0.0362 
0.0425 
0.0071 
0.1550 
0.0480 
0.0103 
0.0224 
0.0446 
0.0068 
0.0909 
0.0142 
0.0124 
0.0816 
0.0162 
0.0220 
0.0175 
0.0987 
0.0101 
0.0088 
0.0073 
0.0631 
0.0638 
0.0125 
0.0547 
0.0219 
0.0048 
0.0666 
0.0136 
0.0256 
0.1723 
0.0436 
0.0042 
0.0840 
0.0098 
0.0247 
0.1164 
0.0110 
0.0688 
0.1378 
0.0100 
0.0417 
0.0502 
0.0979 
0.0126 
0.0080 
0.0117 
0.0093 
0.1124 
0.0093 
0.1014 
0.0065 
0.0074 
0.0340 
0.0084 
0.0617 
0.0091 
0.0184 
0.0722 
0.0149 
0.0331 
0.0795 
0.0463 
0.0166 
0.0125 
0.0067 
0.0055 
0.0098 
0.0324 
0.0311 
0.0212 
0.0313 
0.0178 
0.0628 
0.0069 
0.1120 
0.0145 
0.0862 
0.1523 
0.0289 
0.0738 
0.0124 
0.0292 
0.1074 
0.1325 
0.0099 
0.0941 
0.0403 
0.0284 
0.1636 
0.0042 
0.0026 
0.0696 
0.0201 
0.0136 
0.0506 
0.0074 
0.0129 
0.0191 
0.0143 
0.0643 
0.0153 
0.0056 
0.0988 
0.0153 
0.0212 
0.0148 
0.1176 
0.0157 
0.0170 
0.0470 
0.0821 
0.0277 
0.0415 
0.0649 
0.0060 
0.0328 
0.0137 
0.0712 
0.0723 
0.0107 
0.0150 
0.0337 
0.0917 
0.1369 
0.0108 
0.0102 
0.0299 
0.0070 
0.0045 
0.0134 
0.0264 
0.0231 
0.0099 
0.0106 
0.0137 
0.1098 
0.0601 
0.0167 
0.0293 
0.1280 
0.0156 
0.0194 
0.1213 
0.0483 
0.0140 
0.0422 
0.0364 
0.0772 
0.0385 
0.0062 
