NPP
84.2190 
-0.4148 
8.7258 
140.4158 
49.2532 
45.1810 
76.1049 
77.7061 
-1.4114 
19.5200 
112.7871 
105.5632 
129.3881 
38.2089 
31.8849 
21.5417 
69.1762 
42.8380 
113.9582 
16.0292 
107.3542 
187.3946 
170.0977 
261.8087 
76.5715 
135.3457 
70.8679 
157.0421 
127.5270 
54.3221 
141.1297 
176.7898 
20.1486 
56.2582 
12.8428 
91.0606 
143.5041 
-88.6277 
148.2912 
137.6172 
216.4255 
48.6793 
0.9556 
11.7277 
190.2197 
197.3548 
85.8626 
156.1179 
4.6706 
85.3109 
91.6978 
93.2037 
85.2690 
21.0722 
3.2573 
132.8589 
108.3397 
159.9759 
169.3921 
65.2930 
95.9094 
-62.7239 
13.0578 
59.9447 
54.7209 
17.6087 
172.7355 
-18.2881 
114.6790 
24.1498 
-9.0639 
3.7791 
157.9098 
199.7602 
147.9785 
185.8959 
15.8170 
120.7807 
97.9548 
242.1289 
204.0674 
160.6100 
149.5508 
93.4657 
-2.5452 
87.5896 
135.6458 
145.4144 
117.8106 
268.3846 
89.0714 
128.4118 
6.4394 
166.6155 
109.7401 
239.7074 
47.8194 
-5.4289 
131.3011 
85.3133 
-33.4722 
114.1738 
58.7945 
7.5775 
76.3091 
163.3357 
6.3985 
166.2645 
44.3424 
87.7043 
-24.4607 
117.0512 
270.9521 
111.7981 
85.7174 
5.6943 
107.2070 
5.9117 
200.0070 
117.9798 
160.7923 
159.6290 
130.2126 
140.0892 
161.4491 
5.4111 
141.5261 
69.7746 
63.5120 
60.3502 
107.2741 
-82.1091 
206.0018 
34.9029 
14.6695 
158.5804 
-41.4832 
58.7627 
126.5162 
1.1451 
108.2625 
43.5504 
150.3433 
9.2286 
-26.4186 
15.6643 
211.2405 
33.0066 
172.0226 
125.5589 
132.6946 
-45.9550 
111.7304 
118.5683 
88.8566 
106.5400 
151.4329 
98.4598 
112.4060 
-22.9812 
204.8778 
182.4236 
4.9240 
141.8971 
-42.5606 
141.1445 
73.4950 
105.9898 
1.3520 
115.6928 
73.8328 
63.2742 
157.5228 
45.2576 
101.8732 
165.3598 
85.5873 
50.7923 
62.7496 
136.2602 
9.7213 
270.8291 
168.8581 
103.1676 
168.2191 
72.7111 
82.9408 
104.3749 
87.5489 
19.3905 
83.1242 
181.4347 
48.7543 
212.1383 
159.5619 
16.9799 
117.2136 
92.1582 
32.0194 
90.9727 
59.0609 
258.9690 
53.6113 
18.8214 
159.5717 
102.1607 
74.3410 
169.2754 
192.8039 
24.1902 
87.8140 
113.8200 
80.8822 
226.5406 
-58.3213 
-53.6517 
98.1245 
105.6286 
65.0066 
130.3974 
163.2747 
18.8637 
29.0150 
4.3296 
66.3003 
177.8583 
149.8388 
150.4150 
4.7124 
102.5103 
190.0257 
4.6030 
-1.4279 
32.8818 
105.6338 
101.0204 
45.3937 
145.3069 
126.6233 
-164.6740 
86.9280 
109.9881 
26.4390 
237.1937 
5.9687 
77.2190 
136.7992 
42.4940 
108.7482 
-44.2607 
329.0967 
20.2972 
144.2460 
125.7162 
60.2768 
102.0732 
142.4045 
115.7437 
58.8907 
183.8308 
121.4020 
176.9769 
95.4695 
112.0309 
82.2932 
114.1735 
164.9662 
46.9447 
143.4517 
117.0710 
197.1521 
14.4005 
101.3452 
18.2707 
43.6874 
152.3833 
145.8852 
20.1356 
54.2465 
78.2816 
81.7998 
102.3472 
-254.9226 
142.2320 
154.1471 
130.6958 
76.4676 
42.8121 
67.2570 
-31.1167 
178.3318 
58.0214 
-0.4061 
53.0614 
152.1076 
92.1756 
72.4843 
102.5522 
62.9484 
159.4829 
157.2110 
113.7129 
58.0468 
123.6478 
87.2215 
77.0495 
28.1829 
162.4544 
120.6613 
25.8099 
62.9172 
47.3566 
122.5164 
145.2386 
54.5858 
29.3477 
35.0117 
211.8291 
114.2437 
85.4548 
138.3401 
137.6347 
48.3956 
248.2551 
178.8988 
77.6628 
115.8232 
156.0055 
