25.5734 
60.0574 
60.1301 
2.3659 
32.5046 
23.8975 
79.1667 
91.3110 
12.8480 
16.4983 
7.9727 
9.8475 
110.3242 
9.6232 
37.4213 
8.4496 
11.2435 
26.0374 
9.7911 
7.6054 
7.4888 
10.9693 
33.8290 
63.1804 
6.9588 
19.6399 
16.3339 
11.5320 
68.2148 
9.4394 
12.4114 
4.1240 
83.4902 
28.2187 
39.2994 
32.2175 
21.0172 
79.9651 
28.3172 
8.8339 
12.1062 
220.3601 
3.4687 
7.2154 
15.2887 
36.7587 
10.6713 
8.6313 
9.3659 
89.6872 
20.6727 
36.5686 
22.8523 
5.8938 
211.0634 
12.9385 
23.1421 
90.9595 
10.1944 
24.2764 
169.4931 
11.7994 
13.1699 
33.7409 
74.5641 
9.4766 
14.2516 
33.6450 
4.4901 
59.8814 
47.5098 
11.8598 
4.6730 
15.2954 
72.7509 
19.3105 
90.1865 
9.4752 
82.1157 
6.7533 
10.3367 
8.6488 
7.5293 
13.4761 
7.3320 
4.9015 
26.2345 
23.9688 
71.7067 
4.8195 
20.1369 
98.6735 
19.3331 
31.8682 
34.1499 
33.4781 
53.2445 
34.5177 
18.1903 
161.2919 
10.2426 
94.8100 
42.9333 
8.1646 
30.3823 
10.1385 
28.6445 
8.4384 
21.8787 
5.5687 
53.6493 
135.8323 
12.3006 
15.3500 
5.7343 
27.9851 
12.7409 
20.1407 
44.8774 
11.1438 
4.3177 
10.5192 
24.3930 
9.4427 
52.4155 
10.5569 
21.1637 
201.8437 
11.1586 
14.1243 
17.7970 
4.1910 
12.9270 
48.1792 
102.0674 
66.2778 
13.0534 
16.2835 
89.8325 
23.4028 
7.1243 
47.0548 
7.1460 
22.4272 
46.2549 
18.6975 
122.4037 
8.5388 
19.0849 
41.1353 
8.4277 
32.4437 
4.2641 
8.1076 
124.5137 
3.4416 
7.1383 
6.9574 
32.9836 
10.3082 
14.0101 
27.0641 
6.9556 
17.2201 
69.1695 
6.3738 
19.8717 
29.0856 
32.8108 
87.9199 
7.7387 
59.8814 
106.7841 
7.4438 
20.7700 
18.0575 
12.2163 
80.1631 
12.9300 
23.8972 
15.4710 
15.5024 
46.0991 
13.4119 
19.0203 
4.0006 
291.1605 
8.8628 
4.6301 
11.0306 
11.3988 
16.6422 
23.3246 
36.2199 
11.6140 
55.1089 
12.8105 
4.7144 
18.8898 
22.7849 
12.8180 
12.5931 
12.4777 
20.3373 
11.9465 
40.3076 
10.0534 
15.1196 
15.2978 
258.2363 
30.3009 
8.0687 
42.0212 
9.1714 
83.4476 
21.9750 
5.1151 
24.3162 
5.4149 
11.4803 
17.0822 
35.4600 
20.6408 
21.5465 
75.8304 
82.4140 
19.5288 
13.6874 
3.7538 
150.5628 
12.6718 
5.7985 
12.9915 
10.4897 
7.1390 
51.8864 
11.0055 
46.3811 
8.6958 
5.0208 
7.4831 
14.6561 
11.7264 
11.5175 
20.4209 
14.5686 
30.6433 
4.5745 
34.4448 
24.2210 
9.4039 
61.7954 
34.3863 
23.2993 
33.5104 
8.5924 
98.2646 
41.2189 
8.3992 
13.9329 
28.4089 
153.6035 
5.9496 
20.6365 
28.6148 
4.8319 
18.4524 
5.8830 
9.7135 
92.3761 
21.4541 
25.3784 
5.4086 
25.0055 
12.4799 
9.0826 
104.4497 
9.2156 
7.1924 
7.8851 
29.5457 
28.7601 
113.9821 
60.8693 
15.3109 
47.0025 
12.9642 
11.1362 
9.3981 
34.7088 
9.2535 
5.3524 
39.2564 
5.4245 
4.3669 
72.0605 
4.9795 
6.5919 
20.2031 
11.9730 
17.5995 
11.6632 
11.6169 
44.7877 
