0.0249 
0.0208 
0.0211 
0.1818 
0.0194 
0.0905 
0.0209 
0.0172 
0.1001 
0.0215 
0.2085 
0.0510 
0.0218 
0.1174 
0.0256 
0.1755 
0.1632 
0.0252 
0.2333 
0.1141 
0.1614 
0.2543 
0.0243 
0.0173 
0.2941 
0.0388 
0.1281 
0.1023 
0.0255 
0.1589 
0.0894 
0.1047 
0.0461 
0.0588 
0.0388 
0.0358 
0.0252 
0.0192 
0.0291 
0.1241 
0.1290 
0.0234 
0.1805 
0.0548 
0.0603 
0.0395 
0.1687 
0.0980 
0.0912 
0.0327 
0.1502 
0.1473 
0.0962 
0.1775 
0.0245 
0.1662 
0.0327 
0.0172 
0.0621 
0.0332 
0.0255 
0.0320 
0.0706 
0.0226 
0.0220 
0.1371 
0.0679 
0.0983 
0.3208 
0.0196 
0.0205 
0.1166 
0.2986 
0.1673 
0.0232 
0.0403 
0.0160 
0.1219 
0.0207 
0.1961 
0.1055 
0.2882 
0.1875 
0.1012 
0.0416 
0.2376 
0.0200 
0.0313 
0.0162 
0.2402 
0.0250 
0.0204 
0.0290 
0.0935 
0.0158 
0.0398 
0.0261 
0.0478 
0.0389 
0.0149 
0.1630 
0.0133 
0.0418 
0.2499 
0.0242 
0.0471 
0.0183 
0.0788 
0.0170 
0.3389 
0.0533 
0.0186 
0.1375 
0.1113 
0.2614 
0.0183 
0.1636 
0.0363 
0.0945 
0.0863 
0.1753 
0.0651 
0.0707 
0.1455 
0.0127 
0.0859 
0.1500 
0.0310 
0.1703 
0.0592 
0.0547 
0.1592 
0.0869 
0.0679 
0.0337 
0.0281 
0.0823 
0.0943 
0.0197 
0.0408 
0.2180 
0.0291 
0.1007 
0.0247 
0.0237 
0.0504 
0.0210 
0.1431 
0.1088 
0.0220 
0.1907 
0.0933 
0.1336 
0.0927 
0.0380 
0.0845 
0.1034 
0.1518 
0.0612 
0.0941 
0.1578 
0.0942 
0.1054 
0.1113 
0.0126 
0.2724 
0.1157 
0.0509 
0.0681 
0.0121 
0.1803 
0.0245 
0.0208 
0.1753 
0.0614 
0.0749 
0.0804 
0.0186 
0.0486 
0.0229 
0.1480 
0.1424 
0.0256 
0.1365 
0.0787 
0.1970 
0.0250 
0.0739 
0.3221 
0.1194 
0.0378 
0.1511 
0.0303 
0.0681 
0.2133 
0.0238 
0.1428 
0.2317 
0.0425 
0.0993 
0.1237 
0.1871 
0.0547 
0.0143 
0.0342 
0.0200 
0.2089 
0.0463 
0.1988 
0.0130 
0.0253 
0.1427 
0.0184 
0.1522 
0.0148 
0.0405 
0.1730 
0.0360 
0.1110 
0.1882 
0.1133 
0.0588 
0.0287 
0.0162 
0.0285 
0.0189 
0.0857 
0.0746 
0.1551 
0.0317 
0.1663 
0.2148 
0.0661 
0.1800 
0.2505 
0.0653 
0.1692 
0.0201 
0.1438 
0.2256 
0.2525 
0.0438 
0.1884 
0.1229 
0.0876 
0.2638 
0.0151 
0.2019 
0.0563 
0.0503 
0.1682 
0.0129 
0.0331 
0.0618 
0.0360 
0.1530 
0.0288 
0.0282 
0.1982 
0.0435 
0.0605 
0.0272 
0.2383 
0.0566 
0.0393 
0.1714 
0.0860 
0.1455 
0.1484 
0.0136 
0.0818 
0.0576 
0.1663 
0.0271 
0.0775 
0.1619 
0.0498 
0.1827 
0.2553 
0.0473 
0.0193 
0.0748 
0.0145 
0.0180 
0.0349 
0.0677 
0.0837 
0.0325 
0.0585 
0.0322 
0.2172 
0.1538 
0.0472 
0.1072 
0.2399 
0.0282 
0.2264 
0.1386 
0.0456 
0.1209 
0.1067 
0.1580 
0.1114 
0.0223 
