NPP
80.4786 
109.3645 
66.7072 
59.4982 
62.7690 
108.8197 
86.8399 
56.7125 
88.4199 
75.5540 
107.0938 
56.9804 
135.9018 
91.0254 
66.3724 
81.0381 
92.5949 
100.5303 
133.6118 
87.0615 
156.5127 
175.3093 
73.0720 
53.6634 
106.1147 
109.7335 
126.9133 
117.9048 
59.6693 
85.3230 
63.7160 
79.7812 
136.5431 
168.6724 
116.6999 
162.8636 
66.3922 
80.9907 
50.8463 
119.7257 
96.9494 
117.8879 
97.7514 
35.3342 
87.9115 
91.5994 
60.6862 
94.2503 
104.9065 
67.7973 
126.1035 
105.6726 
111.6302 
77.3957 
31.2228 
150.0266 
63.4289 
105.5637 
24.5038 
115.5437 
14.2917 
98.7602 
61.6488 
100.1024 
89.6151 
100.0285 
122.2506 
147.7032 
176.0034 
80.1293 
63.1176 
89.4455 
145.9700 
162.4715 
140.1432 
108.8140 
79.7375 
83.1040 
75.5133 
93.6087 
86.3580 
228.1456 
98.4245 
110.3863 
62.8981 
100.6457 
131.7339 
49.7101 
85.1897 
124.9529 
62.8600 
63.6788 
95.4193 
86.9114 
60.9512 
74.6409 
117.6241 
126.1448 
111.6382 
104.1413 
63.0639 
91.1923 
85.8466 
222.3892 
92.5826 
50.0443 
43.8865 
82.0950 
87.7663 
168.8346 
113.1614 
51.4790 
134.8898 
102.8798 
138.1321 
24.6561 
112.0430 
66.5895 
114.9967 
76.3115 
48.6084 
131.1196 
129.2626 
147.6281 
55.9131 
120.5803 
129.5986 
86.5936 
97.7821 
90.8144 
55.8708 
63.5979 
55.8066 
159.9918 
89.9514 
117.0723 
117.0537 
107.8851 
79.3254 
173.7031 
129.0039 
62.4694 
72.3373 
56.3448 
86.9552 
84.7633 
99.7603 
150.8847 
96.9061 
50.6901 
110.9555 
69.8616 
68.8117 
92.7740 
59.3271 
64.4489 
96.0352 
111.3935 
101.4889 
72.7014 
146.7864 
97.4111 
77.9702 
88.0972 
90.9083 
211.7394 
119.5785 
83.9065 
122.9439 
82.4233 
95.5315 
74.8768 
44.1517 
100.4182 
92.3233 
97.2271 
101.5886 
109.5786 
130.8948 
63.7177 
97.7085 
123.1943 
93.5163 
153.4342 
76.9951 
139.8721 
142.3616 
30.6301 
161.2064 
120.8684 
50.9360 
72.3536 
103.1793 
86.4305 
158.5587 
69.8018 
99.7180 
72.1915 
86.7319 
95.1404 
137.2338 
118.9729 
58.3076 
43.4138 
26.5646 
53.5854 
127.9178 
106.0098 
161.9016 
54.5774 
112.3609 
127.0695 
51.8945 
98.5373 
62.3955 
64.8962 
96.6847 
86.8896 
104.2942 
83.0931 
87.0457 
170.3576 
76.9549 
72.2882 
200.6163 
56.3407 
128.5437 
140.0046 
85.1627 
96.4532 
213.0221 
106.4739 
107.8145 
165.0063 
131.0627 
121.0511 
122.7144 
60.1199 
120.1088 
114.8447 
122.3456 
94.9074 
168.4026 
103.2114 
102.2125 
183.7709 
46.8133 
125.3933 
108.1226 
81.7754 
95.1953 
44.9602 
75.4004 
110.5467 
93.8825 
94.2507 
90.7890 
129.2307 
98.5036 
68.6643 
119.3300 
101.5714 
132.2066 
92.7921 
97.2055 
99.4450 
59.8445 
118.3634 
68.7895 
56.4914 
69.3324 
110.1041 
98.2761 
100.8449 
62.5880 
105.1447 
140.1550 
113.1058 
104.7241 
53.9107 
76.6162 
121.9772 
89.8952 
76.5483 
78.4468 
137.7348 
107.9799 
50.3328 
63.4889 
67.1904 
109.9017 
93.8099 
73.9472 
71.8127 
184.7874 
97.2137 
113.5538 
121.7976 
69.9024 
146.1187 
149.8479 
64.0243 
107.7504 
109.6675 
