soilm
45.2591 
43.7117 
43.1260 
44.6993 
43.7932 
45.3390 
45.9825 
42.1921 
44.2486 
41.4633 
43.6858 
43.5797 
43.3270 
41.6784 
46.0562 
44.5992 
45.3802 
42.5028 
43.9928 
42.4841 
45.8082 
46.0613 
46.1824 
42.5093 
45.2138 
45.7100 
45.0366 
42.1255 
44.5497 
45.2483 
43.6379 
44.8211 
44.9872 
43.3468 
44.0091 
45.3720 
42.0989 
45.7199 
42.3545 
43.9738 
44.8021 
41.3966 
42.7394 
45.0735 
46.7161 
47.1671 
42.8018 
44.5748 
45.5636 
44.7116 
43.9142 
41.6773 
45.2448 
43.7466 
44.3061 
45.5598 
45.2658 
41.7630 
44.8336 
42.4835 
44.2753 
46.1676 
43.1897 
45.0027 
41.6446 
44.3963 
47.4393 
44.2984 
44.7388 
42.9381 
43.5261 
45.7301 
42.8728 
43.8762 
46.5604 
43.5155 
46.9350 
42.8902 
43.1222 
44.5957 
44.5967 
43.2451 
43.2853 
43.2621 
44.6810 
42.7785 
44.3192 
41.6452 
43.2319 
44.2401 
43.8829 
42.6712 
43.7660 
42.2595 
44.3281 
45.2816 
43.9350 
42.8873 
46.5086 
42.3097 
42.8784 
45.6418 
43.5405 
43.7230 
43.2112 
45.5080 
41.4560 
45.0162 
43.8299 
43.5213 
41.5519 
43.1709 
44.9727 
44.8695 
43.8345 
43.6462 
43.6985 
43.9921 
42.7224 
42.5591 
45.0473 
43.3193 
43.8257 
44.4242 
42.8328 
46.4842 
42.5016 
43.6992 
45.3174 
43.8461 
43.8181 
44.4255 
43.2567 
45.0363 
41.9923 
42.7044 
44.8484 
44.4328 
44.3860 
44.0233 
43.4292 
42.7628 
43.0906 
43.0492 
43.7699 
44.2251 
46.2827 
44.8267 
42.3908 
44.7066 
44.8008 
43.4435 
43.9086 
42.6415 
43.9321 
42.8256 
42.8907 
44.6315 
45.5318 
45.0977 
47.4520 
42.2122 
45.3499 
42.6361 
43.1466 
45.6856 
45.5635 
42.6189 
45.6986 
45.1795 
44.3505 
42.8195 
45.2448 
43.0029 
43.6602 
43.8948 
44.4614 
43.5693 
43.9065 
45.5838 
45.7548 
47.3950 
44.3532 
43.2668 
45.1976 
45.5611 
43.4220 
42.6693 
44.0498 
43.9120 
45.9196 
41.5908 
43.9849 
45.4513 
43.9998 
45.9747 
44.6025 
44.4421 
41.3298 
43.6438 
42.8103 
44.2962 
43.7482 
41.8577 
43.8403 
43.7811 
43.0584 
45.4398 
46.4522 
41.1592 
45.9468 
46.1728 
43.6528 
44.5335 
44.3499 
42.5898 
44.7151 
43.1879 
43.5870 
44.3700 
42.8735 
44.9735 
44.0261 
43.7918 
45.2446 
43.3548 
43.7918 
45.7506 
42.0731 
43.8142 
44.5820 
44.4918 
44.1097 
45.0239 
46.5651 
43.1620 
44.3859 
43.5788 
44.7916 
44.0901 
45.7590 
44.7939 
42.7628 
43.1708 
44.1298 
43.9166 
43.9784 
43.1950 
44.5130 
45.0027 
44.5903 
45.3837 
43.7292 
44.8965 
44.5960 
43.8731 
42.9634 
46.5009 
43.5540 
43.6746 
43.1285 
45.3869 
43.0825 
43.9010 
45.7038 
44.2911 
44.2960 
43.1490 
45.0355 
45.9398 
44.8807 
44.1490 
45.6924 
43.5999 
46.0394 
45.6058 
45.0075 
43.9257 
44.8258 
45.7396 
44.2676 
45.3786 
43.3215 
45.1178 
43.4007 
45.5337 
44.6232 
46.8348 
45.2971 
44.3405 
42.2383 
43.7722 
45.0749 
44.3239 
47.8163 
44.2821 
45.6962 
44.9729 
44.5439 
44.0473 
43.5942 
46.1099 
42.6332 
44.3852 
